1266080.25
997316.1875
929375.875
1017314.3125
982231.3125
1173078.5
1100881.375
1039540.75
1061774.875
1014491.0
996747.75
1082629.125
1027522.5625
923067.5
993784.4375
999341.4375
993821.3125
917548.375
1056335.5
973238.8125
964996.25
996445.375
1004418.125
966179.125
1047322.875
1012800.0
927952.3125
925509.875
1003423.75
968387.6875
963519.75
1019300.5625
990875.5
967735.5625
1037950.5
977844.9375
994118.8125
1004931.375
1043422.625
976255.75
1034083.75
879308.0
960105.8125
904370.1875
1031852.375
924149.3125
987651.5625
1014247.375
990248.5
1050188.25
984329.625
1030065.5625
961648.1875
1001599.3125
980882.25
1052073.625
984638.375
913288.875
927660.5
976321.125
910077.5
983911.25
944906.0625
1053342.5
1008210.1875
957178.8125
980331.75
985788.0625
1033782.4375
971616.5625
1011237.0625
979213.125
967902.4375
970346.25
878705.625
1016669.9375
986807.375
964249.5625
994503.8125
975985.75
976900.0625
1019440.4375
952917.6875
1022559.8125
1021622.625
1015854.125
978907.8125
981440.6875
913941.875
1013857.125
1014472.5
965424.0625
1008509.375
929719.875
1010596.6875
985652.1875
1023492.625
1048698.5
1060054.75
964973.9375
948440.1875
1008437.0625
920624.0625
962928.8125
1037682.75
932989.1875
893260.875
1003418.625
943542.5625
1021959.1875
899043.6875
982361.875
1042323.5625
1028463.5625
992240.4375
1019482.125
958462.875
976171.25
890727.5625
937075.625
857731.375
964703.0625
999938.0625
1013576.5625
999529.625
940860.1875
969882.3125
973904.125
914982.25
985933.1875
977010.0625
970004.125
1028426.9375
974566.5
929901.1875
996757.4375
1036622.5625
982144.5625
986628.0
1011900.9375
946566.625
1019409.5
1004125.875
921879.8125
961766.8125
949342.4375
972934.9375
892155.3125
955722.4375
865485.4375
986366.5625
979566.1875
996492.875
959865.0625
934656.8125
980769.3125
1000207.1875
934269.5625
924521.6875
993944.0625
859795.5625
999545.875
972296.0
978814.6875
1009943.4375
948978.5
965918.0
966718.375
1016714.1875
985195.8125
919871.625
943461.375
1038762.75
929826.5
946025.0625
1028333.75
907928.4375
984988.5
954404.625
975645.3125
881703.875
929685.4375
1031355.125
1049055.0
1004779.5
1015738.8125
989223.0
864584.5625
1028647.6875
906086.1875
1063721.375
1015851.6875
944211.625
979360.875
1034778.625
923181.4375
991995.9375
1050107.375
1010481.1875
986010.0625
902008.5625
893200.375
1002177.9375
1031949.4375
1031378.8125
964672.4375
980549.5
1002035.1875
943124.3125
886674.0
952981.9375
971554.5
1052163.125
911905.125
894736.8125
970064.6875
950618.5
1013660.5
922055.9375
1010344.375
886195.875
851902.625
995579.0
913426.8125
975693.875
797621.875
1019939.875
947207.5
979935.75
1039582.5
1015760.5625
968949.9375
952414.875
962387.9375
1007259.625
815442.875
996654.0
960393.4375
966514.3125
980225.625
999658.3125
1032832.3125
814513.4375
1028878.75
1047997.8125
1002243.375
950289.625
1036702.8125
1031115.8125
1023560.5625
995520.3125
862650.375
1002449.6875
986591.0
983084.0625
937893.125
977821.5625
1017790.125
850826.4375
838030.0
1023492.8125
1015260.1875
899865.25
925190.3125
1001969.1875
1068917.0
1024472.375
953207.625
997990.9375
829655.5
880933.375
1024763.4375
914491.125
976657.5
957921.375
910865.6875
962468.4375
969157.125
1007058.9375
968683.5625
1009642.5
1021522.0625
939661.125
1009602.1875
938971.375
974206.125
920676.4375
805160.75
1006770.1875
835753.4375
1038634.9375
1008417.9375
1022202.1875
1024889.9375
970394.75
965387.125
852377.625
1003876.1875
973628.0625
1026675.0
879706.0625
1019736.125
978427.1875
871113.0625
938829.4375
971180.6875
983144.9375
954681.375
905667.1875
992583.8125
982921.3125
958126.375
991784.8125
974714.75
1014839.375
1022043.9375
964155.5
937532.875
868682.8125
916450.1875
942671.4375
884834.6875
981391.625
977427.9375
988415.0
906923.5
943306.8125
938003.25
950213.1875
974806.375
916723.0
942384.0625
915055.375
1011430.125
947035.5
975133.3125
961336.25
926152.4375
911433.3125
942886.5625
969828.25
957010.3125
898658.75
1013741.625
956437.5625
899334.9375
986807.125
979144.0
919368.1875
861291.25
923876.8125
1019576.625
946404.5625
963236.875
1001161.375
962699.0
969338.6875
931222.75
861011.3125
964945.9375
972960.5625
951726.3125
881064.0
1014317.4375
885023.3125
913633.9375
866100.0
923137.75
900156.0625
852416.25
920242.5625
939482.25
956660.625
976914.125
992900.5625
1010757.75
968771.75
957158.875
978358.3125
952523.5
895405.0
906557.875
1019945.8125
978028.0625
1031178.0625
894310.125
822878.0
991401.6875
1019336.625
909890.375
798249.625
923855.375
904617.5
936205.5625
894494.8125
799331.6875
805774.875
965918.625
987779.3125
950135.4375
947196.6875
1010006.875
938321.6875
1016946.5
931477.0
980661.1875
992080.75
995973.6875
962479.125
910410.125
991290.5
937204.6875
975330.75
814522.6875
947148.75
898915.8125
1000152.625
1009916.625
1029552.0625
844130.125
1047371.25
854602.0625
1040712.3125
996361.1875
1038478.25
1017747.0625
973404.25
1023668.75
849941.625
991922.875
915275.875
976567.5
914440.0625
1047131.9375
924651.5
1021774.5
1021761.4375
1009809.625
821811.0
927805.125
990720.8125
1019477.4375
1015528.4375
1019726.3125
948933.0
994138.875
1033297.75
1041037.1875
793528.375
940268.1875
850566.8125
910157.5
1010842.375
1039031.25
921954.6875
965004.5
952200.75
993904.6875
967854.0625
930705.875
1014650.1875
981577.75
953092.1875
916406.6875
950971.625
947740.625
1007921.75
925103.5
910609.4375
1009383.8125
930586.3125
909065.0625
970223.5625
885355.0625
999170.0
902866.0625
949694.6875
956705.6875
1033838.25
919205.625
1001812.625
999975.375
960724.375
949322.3125
1008468.8125
983062.4375
970729.875
980550.5625
911732.1875
1033149.4375
949697.75
885188.0625
1003139.6875
985185.25
990417.625
834201.5625
951865.1875
970409.375
861623.5
977661.9375
977635.5
1012069.5
911171.4375
947196.5625
921276.125
964119.75
959106.6875
1037300.875
961536.25
990777.0625
946747.0625
1016959.25
942916.25
1001632.25
838570.5625
947389.0625
905864.5
885580.9375
956087.4375
937247.625
920601.0625
939368.0625
967819.75
940377.1875
998564.6875
955962.0
955127.875
946596.5
1020678.625
903341.0
950620.3125
1046597.875
996031.125
1003201.25
942447.875
934961.0625
1006037.8125
1019804.4375
975616.4375
821309.0
937903.9375
992495.625
964743.125
943754.3125
997159.25
1026144.875
820820.5625
921773.625
884851.8125
945841.0
946313.8125
1018238.0625
1008872.125
856874.9375
969293.625
962612.25
938023.875
1006172.0
950154.4375
939941.3125
990599.6875
943153.5625
988462.125
964794.3125
959276.6875
879038.75
982917.875
996151.0
998573.8125
931761.9375
863150.8125
992427.125
918897.8125
1017150.625
991591.0
803653.5625
872923.9375
971073.0
946136.0
920558.9375
922865.3125
781758.5625
963907.4375
945580.1875
977053.5625
990665.25
873017.1875
939153.4375
958346.9375
1003985.5
1007361.5625
973703.8125
998800.0625
905449.5
957196.625
936689.0
964959.0625
971139.1875
901785.0
950975.6875
837025.0625
963960.75
964618.375
903262.0625
952133.25
955245.3125
950507.375
922054.3125
923201.8125
925668.0625
833733.625
867428.4375
955210.6875
975399.4375
930122.75
944491.9375
896443.25
961801.8125
950064.5
967204.75
914380.9375
995964.8125
974626.625
952766.625
1008959.75
791135.5
983338.3125
936037.5625
952353.4375
956072.3125
940691.375
982246.0
884032.5625
800775.9375
994971.6875
933658.875
972752.0
870500.375
920096.375
849409.375
1010647.75
865894.3125
1023099.0625
931495.25
948218.6875
861574.875
1022463.4375
1038367.6875
998551.5625
911617.875
978766.9375
900333.3125
796865.0625
840675.1875
918043.125
931182.0625
1018913.1875
1003866.8125
940541.8125
1013926.0
877725.8125
969656.4375
848488.4375
898185.875
999639.9375
895506.25
973910.5625
841034.625
964208.875
849335.3125
927150.1875
987802.5625
1009102.9375
963924.3125
916913.6875
988103.8125
960540.0
917185.4375
952011.0625
872736.75
1010842.9375
970669.375
850212.9375
992319.75
930668.1875
898596.5
1022746.375
989008.875
899448.0
962713.875
1008964.3125
980895.75
986735.1875
998684.25
960079.375
839243.1875
1004736.4375
965013.75
1013717.875
1019961.3125
952716.5
1004818.1875
933048.6875
901132.375
844534.1875
989483.0625
1001923.875
1013890.0
935730.375
858899.3125
1000355.3125
948349.9375
850449.0
997273.625
857549.3125
947225.1875
957039.75
903318.8125
865394.625
962261.75
926205.0625
1002510.5
908700.125
932185.375
918307.5625
1002632.0625
962993.9375
1034154.375
893302.1875
903844.625
920982.8125
977760.0625
930643.3125
943084.625
922259.8125
926436.6875
937660.0625
983953.3125
999560.0
1018919.9375
880488.5
1005896.3125
822420.4375
937376.4375
948289.25
1006050.0625
969496.8125
934164.9375
778472.875
835503.25
1016311.4375
911643.75
1001012.5
1050320.125
877560.6875
1015825.8125
1001168.0625
912616.0
954335.125
975313.125
940096.0625
1015326.875
791450.3125
997072.9375
879333.125
983075.0
938042.0
1000706.9375
1014219.9375
913452.625
1002108.25
912381.5
923701.5625
956127.125
891125.1875
977168.8125
879506.9375
775677.25
986216.4375
982956.25
921242.625
981257.0625
931628.1875
985988.375
1004254.75
992809.6875
883765.9375
782316.1875
999115.9375
936787.75
1015121.9375
1004350.0
818179.0625
1017662.6875
852719.5
842296.4375
904329.125
890011.6875
1005102.25
773133.1875
984622.75
1005031.8125
815260.875
970459.0625
921874.0
938903.8125
983920.0625
960521.1875
962504.75
951441.5
915407.25
888310.875
920047.625
970542.9375
993785.625
897652.8125
1007261.0
845728.4375
1003833.8125
997124.4375
947988.125
972879.5
917772.375
990485.9375
1000103.5
832564.8125
955693.75
1016852.0625
1006623.125
985655.8125
952747.625
969167.5
972573.3125
902156.0
833078.375
1001079.125
918358.3125
856557.375
875959.75
866618.125
988981.8125
998910.75
966859.75
886301.375
881653.0
948078.4375
895887.125
892482.875
924975.0625
962822.625
959419.9375
1001559.6875
810514.0625
990549.375
809609.5625
1006110.3125
998407.875
956309.125
1007241.1875
913430.1875
963847.75
994571.4375
976348.9375
825313.8125
801941.1875
940662.4375
1029043.6875
991635.9375
852223.0
957559.9375
891168.6875
938538.0
987722.3125
825812.375
779601.875
885318.125
989183.3125
937676.4375
966344.0625
920551.0
987093.0625
808968.3125
852545.0625
974893.375
970211.6875
968937.5625
987095.375
990306.5
945772.9375
901279.5
846124.1875
983650.25
962427.875
830335.75
998313.5625
939355.1875
981955.125
1000584.375
840958.625
987378.75
816210.4375
858451.0
971224.0
961755.125
946157.1875
969667.3125
948342.25
852566.125
835000.8125
913810.375
826221.5
983298.125
973215.4375
934287.9375
933766.0625
951919.5625
955863.25
937754.5
996304.25
950253.5625
954184.1875
1013565.5
954325.5625
897675.3125
1010232.0
991065.875
980986.625
914815.0
885182.75
963941.0625
947745.3125
917678.625
951568.8125
892388.5625
905419.5625
906549.125
924263.6875
952064.4375
934786.3125
895382.125
856631.875
974359.5
897868.4375
873750.375
977574.5
934487.9375
1010685.625
963438.0625
985442.6875
951928.8125
1019457.75
1000846.0625
992311.5
958084.1875
988812.3125
887502.5625
909834.9375
826591.125
992653.4375
985484.0
946296.5
868020.1875
826906.75
886991.25
973009.625
991471.125
917267.5625
972834.0625
962592.8125
914107.75
984307.1875
991271.6875
869895.25
919984.3125
891398.8125
919864.1875
914972.1875
966379.5
833855.3125
880131.75
914554.125
929319.9375
945867.4375
919319.75
989134.9375
899592.6875
880425.5
983726.625
956642.125
946708.75
992328.0
832066.5
1010596.125
869374.25
968267.5625
937845.5625
911773.9375
896611.3125
961090.0625
874050.8125
870543.0
981084.5625
933848.6875
1007105.0625
859694.5625
987570.625
862391.9375
945309.9375
997870.0
982703.4375
1011157.5
884291.9375
975221.375
994279.875
940319.625
988799.9375
959204.25
920768.9375
964173.5
963573.25
924550.375
858908.5625
992251.125
964973.5
953536.125
924962.25
885608.875
957750.125
958082.5
824232.5
814418.1875
923189.4375
948680.1875
953367.6875
956262.75
946486.375
915966.4375
928211.5625
955956.75
858421.6875
926681.6875
1008541.5625
763933.5
933667.625
887467.9375
955888.0
921075.0625
970545.875
897363.875
981013.375
905424.125
988197.0
920038.125
878873.75
901261.8125
911189.5625
894619.8125
920328.875
910019.875
1008843.9375
951497.375
970376.25
969464.0
956434.0625
973498.6875
913629.6875
928125.75
932492.9375
974750.3125
891164.9375
945632.375
946441.9375
969802.5
896328.8125
946415.0
901249.375
870296.625
882242.875
955398.1875
944538.9375
955262.6875
888005.0625
1010496.75
929067.625
935373.0625
928048.5625
942837.25
973245.5625
954777.25
975598.5
954255.9375
877760.8125
870113.3125
908087.125
922540.4375
934776.5
956744.6875
919852.8125
928475.375
930452.625
993409.8125
917951.125
956015.875
970144.8125
896649.4375
969228.9375
977479.4375
961774.875
956324.875
885584.0625
988136.875
948507.6875
880234.4375
905020.375
970443.25
924263.125
952760.5
939702.625
966145.0625
962927.25
872808.9375
932479.75
916569.75
922132.1875
893358.375
933598.1875
871175.9375
935606.25
956569.125
928131.5
969751.25
876933.0625
923940.4375
935512.6875
913872.8125
970597.6875
921699.9375
842896.625
944753.5625
967071.25
961207.6875
868350.3125
1008064.8125
852824.0625
964259.875
927525.375
917747.625
880468.4375
886304.0
892035.875
844452.5
947625.875
956836.5
946577.4375
960244.0625
892136.4375
929761.0625
926873.4375
963807.625
923089.0
934757.0625
926384.75
897916.5
947705.0
871378.5625
899838.5
853091.125
952687.0625
968291.4375
911665.75
969353.1875
946949.1875
879715.375
975414.8125
947497.125
905695.625
984747.75
983670.5625
919790.375
962958.5625
892753.8125
923577.4375
909013.1875
960221.5
874938.625
979032.75
980219.8125
1006435.6875
830660.375
813030.4375
891658.375
975088.0
916022.5625
962366.875
817395.75
988901.25
909310.75
973504.875
952770.5625
908174.875
953154.5
941503.375
875383.375
952573.9375
936524.3125
877623.0
957646.5
924746.0
920356.5
936836.4375
998048.875
904450.25
912769.4375
926014.0625
871097.75
863055.375
975673.875
890754.625
959799.6875
948555.25
970584.0
956350.5625
942345.25
966237.5
947682.875
956126.8125
925415.4375
876505.125
944521.75
943920.1875
928571.0625
889327.5
955327.875
963777.625
791112.5625
926290.0
925382.9375
974737.6875
927267.625
958052.5
883509.4375
951417.5625
932841.0
940204.3125
930470.75
874247.875
923916.3125
885701.5625
909928.1875
904286.75
911013.0
907000.4375
884662.5625
915748.6875
935422.625
969167.1875
868349.625
968236.0
924283.25
947695.4375
910041.0
901154.3125
944876.75
915186.3125
974518.8125
910016.5625
840294.1875
910273.3125
972971.3125
955319.25
894134.4375
939482.0
964348.8125
894105.4375
939276.8125
953493.0
968909.3125
873170.5625
961860.5625
956806.0625
962573.6875
952686.375
828514.9375
911080.625
849314.8125
942880.375
948042.1875
841505.1875
885156.5625
953219.875
921489.125
913101.0625
881560.875
950618.375
920630.125
835843.8125
946667.3125
966508.0625
913058.625
963082.6875
905953.875
837061.875
991167.0625
962833.125
967032.3125
954052.6875
974523.9375
983307.0
782454.0625
960682.0
875271.25
982512.5
936429.25
958195.1875
943678.375
923501.375
911701.0
915392.0625
915694.25
941403.5625
950464.5625
961736.9375
814540.25
936747.8125
933266.625
925755.6875
957595.0
841196.375
961185.25
959034.375
985383.75
937326.75
927177.5625
997449.5625
959213.625
976403.25
964428.0
950907.5
924562.0
990449.0625
976821.5625
819685.3125
951323.4375
952706.9375
984269.5
921547.375
894069.5
916558.8125
878751.125
940604.3125
944588.875
917617.6875
900685.6875
930784.5
896801.75
981614.125
881315.875
898395.75
936922.5625
970213.4375
931632.125
925514.25
943404.5625
934665.5625
953277.4375
869753.625
975101.4375
918910.6875
935988.4375
930887.0
808812.875
847655.3125
882690.4375
967144.875
906156.3125
943278.125
850604.875
900999.125
912200.25
898752.0625
925709.125
903554.5
934634.6875
815305.0
928367.25
951756.75
937223.5625
936296.375
905164.25
931742.3125
963977.1875
911608.0
912497.8125
962951.125
899278.3125
903355.875
903201.75
888569.75
942002.3125
922766.9375
927334.5
912473.4375
901101.3125
885394.5
881114.8125
911510.3125
937194.375
930956.75
861991.5
919464.1875
932937.25
912563.4375
940760.0625
956690.125
793713.4375
867131.375
770625.9375
839944.75
999580.5625
836186.5625
951954.0625
865442.5625
788398.75
955797.8125
988058.3125
820677.5625
976273.375
954617.375
846979.4375
986980.0
873416.6875
987732.1875
907242.5625
961139.4375
845804.6875
951873.25
956752.5
983559.9375
879114.0625
980813.0
778261.0625
871281.5625
880904.5
929304.8125
883762.6875
837677.4375
869831.8125
938302.875
938024.5
964233.25
896655.1875
951535.375
947240.3125
949314.125
851796.1875
976988.5625
903813.5
874582.875
889600.3125
952212.4375
924235.5
932026.0
900218.6875
894857.875
869445.125
978233.0625
952997.25
946359.4375
868496.6875
939612.5
902885.5625
892804.4375
916453.625
951554.0
832410.1875
758778.875
929489.5625
918561.5
816395.0625
970345.625
864436.1875
914706.1875
921198.625
896903.0
896206.875
885434.5
910344.375
938627.625
931493.0
898697.625
927946.25
878719.1875
919872.9375
972600.0625
979199.3125
915487.3125
946994.0625
919699.25
953794.5
935260.75
843635.6875
963239.9375
928323.0625
943768.9375
812093.6875
936078.3125
922861.625
875087.3125
957986.5
950161.0625
789830.6875
900682.1875
874520.875
899347.5625
921300.75
967200.5
904061.625
933630.25
955372.5
927686.5
784723.9375
945116.5625
961434.9375
960141.0
879686.1875
867667.625
900072.8125
911742.625
897190.5625
977470.3125
956453.5
883084.625
941039.75
956194.875
841066.25
935334.0
892008.5625
929128.0625
877996.875
908387.3125
862038.625
919954.9375
889262.5625
916681.9375
928724.9375
908889.6875
840532.6875
945067.5
978676.4375
953467.625
911774.0625
944766.625
864514.5
870577.6875
932565.0625
923887.1875
943655.8125
919738.6875
952571.0625
882459.75
928464.0
954432.0625
915382.125
956159.9375
862278.625
831104.625
848765.6875
862467.625
922127.125
890417.3125
862088.25
881244.8125
904630.3125
894078.9375
902201.6875
910922.5625
916788.0625
927845.5625
905438.5
906347.75
895863.875
953592.875
934730.5
908820.625
897078.4375
936964.8125
931987.3125
915458.1875
900673.0625
894078.8125
901736.0625
883518.0
901112.5625
910385.125
926845.125
918208.8125
913773.125
904401.5
941956.1875
917002.125
920822.9375
908384.9375
870746.5625
919346.625
915950.75
919584.8125
898658.9375
921264.9375
946858.6875
912072.6875
884247.75
911207.875
948076.875
908924.5
916669.3125
864284.0
946008.625
863888.1875
914853.4375
927379.6875
898208.5625
890992.0625
910143.375
894407.25
917150.4375
952854.3125
890467.0
890903.75
904611.6875
904975.375
895974.5625
916145.25
928470.125
940399.3125
943502.625
895134.8125
909305.5
902192.8125
906985.5625
904760.5
885385.5625
904164.25
908235.875
886760.125
898919.25
896267.6875
913211.6875
871635.1875
923283.875
884901.9375
921537.8125
887810.75
919762.8125
901416.0625
925428.8125
935499.5
916639.1875
934589.5625
913487.5
893070.75
917364.625
897472.625
896867.5625
917450.5
879941.4375
912302.75
918065.4375
921470.5625
917208.8125
929183.9375
886212.3125
893248.375
921496.125
891032.25
938140.5625
896987.75
935217.0625
931096.125
869864.8125
917200.8125
882766.625
884478.0625
877451.75
901145.5
935950.25
943148.5
889690.4375
896149.125
879884.5625
915231.75
897345.5
904112.375
931913.125
921958.5
879224.4375
910961.1875
881230.125
890106.4375
885439.9375
888522.125
881859.375
925975.9375
941638.9375
952839.4375
866787.75
936524.9375
936095.625
912644.0625
891048.125
904699.8125
895333.25
915587.3125
899112.6875
909463.6875
890107.9375
887875.6875
886926.0
868257.75
842655.6875
873083.5625
919152.8125
907464.5625
900694.875
937832.625
835532.375
886903.0625
909378.1875
920040.5
861119.625
877608.3125
892261.25
940365.125
906878.4375
901284.9375
888605.4375
896634.4375
874960.0625
934735.6875
912146.375
882123.125
924047.875
907340.6875
891170.8125
867412.5625
904180.5625
918029.8125
913213.375
905496.0625
913481.3125
907992.8125
858139.8125
904255.25
900425.75
914921.875
928853.5625
941981.25
913609.8125
883421.3125
846783.4375
954855.1875
879253.25
932263.5625
934645.0
948464.9375
950421.375
939625.75
827265.875
903466.5
839170.375
934501.3125
956911.5
909058.5
897203.875
840818.3125
777249.8125
843187.5625
753401.5625
892529.25
890264.375
932306.25
765716.625
913019.5625
940294.0625
919133.0625
845010.875
734485.25
842057.4375
879260.3125
853014.75
907134.6875
949471.4375
898874.375
951994.625
947054.8125
824420.8125
836285.375
913797.125
923473.25
891879.1875
901429.5
945486.25
840757.375
812551.625
913362.875
946917.0
953192.9375
930130.3125
887524.0
885526.4375
894561.25
831364.5625
822158.125
845901.0625
934978.5
904177.125
772213.5
951536.3125
936417.5
908754.9375
843223.75
963382.75
936459.625
920893.25
788806.4375
848135.0625
867947.1875
948884.0
915304.25
917457.5625
793459.6875
962155.125
877411.6875
898272.0625
843893.75
934636.1875
944373.75
932593.6875
928993.8125
957259.75
925422.0
938628.75
776607.8125
944772.8125
764526.4375
929268.3125
821716.3125
939651.75
853902.75
930565.25
866940.8125
891011.8125
847595.8125
827951.25
955217.0
962441.875
872633.5625
948630.75
943787.25
953500.8125
846655.8125
850695.875
868043.25
770639.25
815514.6875
852104.0
935541.9375
936323.875
806767.0625
856673.5
827202.4375
930345.125
961291.5625
958566.25
895366.1875
859698.0625
943562.8125
934582.4375
785071.1875
961122.1875
950098.875
919922.375
943217.0
956605.8125
891136.75
910612.5625
912065.25
909539.625
879468.0
940004.8125
886822.125
953793.5625
935609.1875
933110.3125
950930.9375
773800.8125
953721.6875
759358.5625
907234.5
782541.1875
787155.8125
750459.8125
849672.875
957526.1875
883666.1875
917930.5
937839.5625
937813.25
889927.0625
914559.9375
927273.0625
857611.0
875290.9375
914471.6875
961879.4375
849817.75
884265.9375
922427.875
934410.1875
878618.1875
831260.75
898245.8125
819727.6875
940814.25
959452.125
874131.9375
868089.5
899334.4375
909651.0625
886373.125
838060.3125
824426.5625
888199.3125
921813.0
845225.8125
900223.9375
888505.0
942979.375
842318.75
853589.0
869080.25
900426.4375
927644.1875
786959.5
822303.75
934657.3125
934101.1875
952138.125
942488.25
944116.625
946249.875
938651.4375
904286.0
786341.6875
881837.1875
953097.8125
865195.3125
849280.4375
909224.6875
883352.4375
893371.9375
887773.625
879748.5625
919766.4375
748758.625
944057.3125
883777.8125
900490.75
895071.3125
831334.25
793841.375
875827.25
920570.5625
818905.4375
892393.4375
816822.75
848497.5
936647.9375
808615.125
872173.5
885759.6875
925976.0
902144.0625
885575.125
933086.875
925824.75
861162.4375
874565.125
930901.3125
878987.0
839748.3125
928305.9375
902907.25
822641.4375
896167.4375
889229.625
945313.3125
888862.3125
903591.875
891645.5625
797136.125
798141.125
950603.5625
795303.8125
925595.1875
931267.1875
894648.1875
950917.625
926078.0625
827152.375
895050.6875
902159.875
827136.5
896657.25
905969.875
810046.625
930498.875
799468.0
946419.0625
813779.5625
844507.3125
890725.0
939125.5625
898849.625
869523.875
956329.625
924622.5625
878333.875
946049.8125
901097.0625
862463.625
956597.5
796586.875
752733.625
867854.0625
955898.6875
867934.625
837883.25
715435.1875
935738.625
886770.625
812676.75
898020.5625
864094.1875
785508.25
912049.375
845114.125
951011.875
889502.5
885271.0
769687.0
751768.6875
911983.5
914771.8125
848270.6875
953420.5625
902138.6875
784870.5625
938275.5
919883.4375
821314.25
930061.0
779960.3125
873753.5625
831524.625
842389.6875
868078.125
924504.375
869418.9375
938357.4375
794525.5625
848915.3125
811128.625
882201.8125
938183.8125
769483.375
897191.9375
887691.8125
857965.0
899879.625
897453.9375
858442.875
880287.625
909538.0
829172.9375
921081.1875
950465.125
768280.25
900546.8125
835774.9375
910984.5
909615.1875
891632.625
913895.8125
870275.3125
906616.625
926100.9375
844245.6875
921967.4375
913724.75
871102.5625
889023.6875
895934.3125
925142.875
834196.625
938448.6875
800826.5625
774622.1875
877885.125
924818.375
826594.3125
871503.8125
915864.3125
776842.0625
914202.8125
832989.0
921342.375
950691.1875
885503.625
917744.9375
798601.625
939594.0
894611.375
872035.25
877696.875
938876.9375
918480.5625
889980.6875
899433.875
792057.875
922390.625
923933.75
877836.25
867515.25
867109.3125
835253.375
880281.4375
866697.125
813494.875
844646.3125
885711.5625
838959.375
848300.1875
939093.0
841560.0625
842108.625
898759.0625
907985.0625
828458.5625
891224.0625
831979.4375
925947.1875
901841.75
826203.5
907237.625
932243.5625
915061.0
881799.8125
859488.4375
855902.8125
934354.9375
882380.6875
723399.5625
939253.875
901349.0
919783.125
931962.75
891209.0625
815861.1875
911178.5
930480.8125
940176.75
911312.1875
944899.9375
815478.75
795818.625
791293.0625
865292.5625
929412.25
936069.0
781967.6875
841079.625
846752.0
709738.3125
900416.3125
931207.375
804222.3125
952762.8125
893084.5625
820779.5625
928600.625
915073.125
949426.625
858682.0
732148.9375
904970.875
878845.0
821714.3125
947208.6875
891396.4375
895905.8125
749935.0625
903718.75
788552.4375
908050.9375
926996.5625
884101.8125
914532.125
735401.875
903452.625
918814.875
741373.0
918948.6875
869686.25
918663.625
761277.625
846594.125
884009.1875
903654.8125
827115.4375
878313.5
920494.875
794266.375
927405.5
713312.625
811091.8125
853296.3125
919045.4375
840548.625
859224.8125
918623.4375
918045.25
925441.3125
890097.875
917179.0
863402.125
856032.0625
864185.5625
851188.5625
863498.875
833677.875
878150.625
901384.625
846106.0625
890215.875
864501.3125
924124.9375
869752.4375
920045.75
904652.625
880870.4375
898189.375
908043.75
882993.6875
761860.4375
856703.625
878975.125
850769.0
895329.0
847101.625
900403.875
920369.9375
851023.375
895874.0
819084.6875
781656.25
924748.4375
721027.0625
884619.6875
927605.8125
904395.1875
788914.125
900441.5625
723589.5625
936279.6875
820527.375
838637.3125
833359.0625
763470.8125
879493.75
734476.1875
916981.9375
884999.375
917545.6875
885450.3125
891025.875
893023.0
865556.3125
860571.625
914912.4375
792291.625
827730.8125
918977.625
799505.0625
908082.0625
818980.25
819682.125
779142.5625
904572.0625
845042.1875
919839.4375
822577.5625
914391.75
857868.0625
896090.8125
936806.75
913059.0625
907808.5625
864931.375
917688.625
901646.75
864676.125
896265.5
849823.5625
910764.6875
827755.6875
762759.5
697876.75
917483.0625
818342.5625
875615.875
818908.8125
788590.75
751991.5
892000.3125
919322.875
850798.75
877989.375
917005.9375
845448.6875
910815.4375
923577.75
918718.5625
888111.0
875785.5
851768.0
892095.875
873172.875
801345.125
831087.9375
905667.375
911414.9375
896965.375
883394.625
891151.125
890379.0625
928474.8125
850805.6875
857133.125
915664.125
928353.75
866069.875
913119.3125
752452.8125
913496.875
921367.9375
738915.75
707211.9375
788946.6875
760040.625
927007.4375
887554.75
851017.125
873223.3125
835343.1875
745938.125
891826.9375
785474.0
860096.875
926972.75
883369.375
815723.75
871347.8125
770768.5
789248.3125
914838.8125
867771.3125
903212.9375
848661.3125
887703.375
845638.125
867181.1875
829344.875
905344.25
893676.5625
921938.25
873333.875
810654.0
909019.5625
891943.3125
832264.4375
879108.3125
904024.875
913802.0625
816806.3125
927566.25
838405.0625
797367.625
853712.5625
919344.4375
917929.5625
916431.9375
739603.375
894788.0625
876646.3125
855204.3125
902790.75
906887.875
793707.375
917275.625
921293.4375
842338.3125
838783.0
816306.75
908522.3125
922017.4375
879057.875
812173.625
901560.5
833515.3125
803973.0625
879996.875
867644.625
848915.1875
752154.875
913234.5
796661.25
921842.375
793044.5625
902210.75
884797.1875
908090.75
887803.0
906549.8125
887493.625
857036.75
915037.5625
921538.8125
848965.5625
903515.5
754194.875
860037.75
873393.4375
901955.1875
729977.75
901725.4375
759280.625
733293.1875
859952.4375
825998.375
821875.1875
899337.5
869621.3125
778882.25
864470.9375
914155.75
849080.3125
701051.875
842852.6875
902684.9375
912242.8125
921559.875
850024.125
854278.9375
901274.25
913513.6875
842359.8125
866945.0
906931.0625
831559.625
759020.1875
872748.1875
907456.3125
842841.4375
900463.8125
698422.125
742809.25
860755.5625
863035.6875
776070.9375
901176.6875
908820.75
841270.9375
897374.0625
849429.1875
862704.875
805074.75
807659.125
898963.75
825532.1875
800086.125
909791.75
730209.125
840682.25
857475.25
858300.0625
904965.0
898736.6875
838579.0
886140.25
822974.3125
837176.875
848846.125
896800.875
856184.0625
751695.8125
