1179124.5
1137534.125
1122512.5
1115080.5
1098134.625
1115050.125
1104905.875
1096006.625
1099035.75
1106073.875
1112552.375
1104962.25
1089963.625
1098344.125
1080033.875
1114832.25
1094997.125
1094916.875
1088441.875
1103316.375
1111564.625
1091625.5
1095765.625
1111999.625
1094690.875
1104881.25
1096251.75
1109057.875
1099434.25
1085889.125
1100518.25
1077889.75
1101307.25
1091141.5
1114703.5
1097598.875
1086306.0
1101301.875
1112055.875
1099037.5
1099762.5
1102702.25
1087269.25
1091316.875
1106095.625
1093193.375
1113369.0
1091817.125
1101135.625
1097306.875
1091827.875
1087286.125
1085273.25
1100104.375
1098548.0
1092716.375
1101499.375
1097854.875
1092136.875
1099414.875
1097313.625
1089079.625
1088268.125
1093664.125
1107645.375
1097932.125
1096742.375
1102193.0
1090236.25
1089312.0
1098238.125
1090074.625
1092885.5
1090203.25
1096715.5
1089193.0
1090903.375
1098750.0
1087559.625
1104190.375
1096253.75
1093518.875
1098891.0
1100690.125
1096703.0
1096566.875
1087603.0
1091178.25
1088307.5
1093280.125
1086562.0
1095442.5
1100204.0
1106580.375
1090414.625
1088263.75
1088721.625
1086565.5
1102350.625
1096021.125
1091296.5
1085947.25
1096486.625
1084910.125
1091246.75
1084165.0
1087149.75
1083822.625
1092471.0
1079560.125
1090408.0
1086029.25
1092246.75
1091685.875
1090354.875
1095779.875
1082849.0
1102424.625
1096960.125
1097184.375
1092135.25
1093953.625
1094131.5
1085135.625
1085917.625
1084423.75
1085568.25
1077239.5
1070216.0
1093767.625
1091214.75
1097136.125
1085780.75
1090170.0
1095064.625
1091325.0
1089382.875
1089484.0
1089270.875
1085242.0
1096128.625
1088931.125
1083362.5
1087696.75
1080272.25
1106141.625
1093080.125
1094013.0
1098599.75
1080592.125
1082458.875
1088976.25
1085423.25
1091644.0
1090149.875
1091867.5
1091036.125
1114412.0
1092038.5
1079078.875
1101235.0
1094039.125
1084102.625
1086395.375
1075258.25
1080331.75
1083225.0
1099923.875
1103501.5
1076680.25
1090208.75
1090679.125
1091781.5
1076737.0
1093413.5
1077150.375
1092366.75
1087838.375
1084101.0
1084007.75
1093230.25
1084066.625
1091733.625
1086347.875
1093182.625
1094120.75
1078795.625
1076080.0
1085228.625
1093263.625
1081794.125
1071249.25
1090547.125
1083148.375
1068761.625
1081447.375
1088189.375
1098899.125
1083389.25
1076498.5
1093344.75
1088129.875
1087339.0
1109191.875
1092197.5
1079110.5
1084221.375
1079684.0
1093716.0
1088915.375
1089478.75
1082440.125
1092646.625
1075526.5
1079598.5
1094635.75
1093876.875
1086139.5
1094313.0
1088345.75
1087560.125
1085227.75
1088475.5
1082919.75
1089335.375
1083052.25
1073683.5
1094084.125
1090081.5
1089929.5
1085889.875
1075484.875
1075440.625
1107225.375
1081310.75
1095878.375
1079674.5
1084436.75
1087038.25
1089496.25
1088370.625
1081548.75
1097645.25
1086484.25
1083430.0
1081023.5
1087672.375
1091985.5
1081135.0
1090291.125
1084504.5
1091763.375
1084843.875
1083862.25
1082052.0
1088997.625
1080957.875
1087423.25
1076367.75
1081194.25
1083646.5
1074339.0
1084487.625
1088301.625
1086204.375
1073858.75
1078361.125
1083136.375
1075153.5
1053363.625
1092617.25
1083900.875
1084227.25
1078838.25
1085501.625
1093766.875
1095053.0
1101576.0
1085475.875
1080325.125
1130017.625
1084215.625
1125642.25
1119160.375
1077789.875
1095434.375
1150504.125
1067242.125
1082838.75
1129469.125
1123497.625
1088336.75
1107380.625
1155375.0
1079185.25
1084802.125
1104732.5
1120317.375
1092407.625
1153666.5
1121698.875
1090356.5
1081435.25
1124269.5
1107396.0
1080869.75
1159773.0
1147741.125
1086997.5
1104240.5
1177929.5
1075911.375
1109328.375
1069517.5
1066679.375
1062699.125
1092533.375
1082135.5
1084192.0
1079256.875
1074893.5
1088974.25
1080586.0
1073971.0
1074480.75
1052617.125
1073639.625
1090347.875
1071573.875
1068037.625
1091132.0
1082943.875
1093103.875
1079278.125
1083496.0
1077156.0
1081482.5
1083651.75
1080113.625
1077668.5
1069258.375
1079978.125
1065588.75
1080004.5
1089166.25
1071697.875
1103312.875
1088458.625
1091577.75
1083632.5
1061156.875
1082671.75
1089538.25
1073994.625
1075377.0
1073039.75
1083561.0
1086860.25
1087427.125
1078988.625
1074546.375
1062188.25
1069657.625
1088618.0
1078991.25
1088082.0
1081899.125
1089052.75
1057986.375
1075165.875
1095976.75
1090115.25
1101332.125
1084348.875
1077855.625
1069930.375
1101887.875
1059038.625
1091765.5
1067670.125
1073608.25
1071463.75
1079900.0
1083995.0
1085105.125
1094987.75
1070051.75
1088806.25
1082669.0
1095609.375
1068716.875
1064513.0
1068013.25
1076361.5
1088521.0
1044415.9375
1055836.375
1073818.75
1072188.75
1085303.125
1100526.125
1077077.75
1073967.125
1038550.25
1092481.875
1044783.875
1085106.5
1091185.75
1085050.5
1083434.0
1084095.625
1089426.375
1071922.0
1076214.25
1069930.375
1079406.625
1094034.25
1054996.5
1078772.875
1067874.25
1083515.875
1092623.875
1066243.0
1056882.25
1066341.125
1081501.0
1078935.75
1082758.0
1065790.5
1073856.125
1072871.0
1085308.0
1079899.0
1086958.125
1071999.625
1103523.5
1074038.75
1072769.0
1068821.5
1080114.625
1083883.125
1066705.625
1076008.0
1079611.875
1060449.875
1048555.25
1081968.875
1088519.875
1071780.375
1074330.0
1073203.0
1069573.25
1057710.25
1068512.5
1058281.625
1068662.375
1058701.625
1065934.625
1079743.0
1074429.625
1069327.375
1069999.0
1086618.125
1061393.25
1069454.375
1070003.125
1071671.5
1072008.75
1073403.25
1064887.375
1073077.875
1069101.75
1071192.25
1085359.125
1085275.375
1080618.75
1077691.75
1079149.0
1073255.75
1075946.875
1081714.0
1069139.125
1070104.25
1069025.25
1074584.125
1085237.125
1071120.0
1072704.5
1070777.0
1070961.0
1071344.625
1079820.0
1067140.75
1062079.375
1059557.5
1069644.75
1079373.0
1084271.5
1068158.875
1077747.75
1085308.375
1067519.5
1070428.125
1080843.0
1073910.125
1068617.125
1059791.0
1065375.375
1062868.125
1078405.0
1089793.5
1072966.375
1080778.5
1092728.375
1066551.125
1069938.0
1076108.875
1066423.625
1051903.25
1074905.625
1081030.875
1077692.375
1053718.125
1072216.25
1071832.125
1078283.125
1083886.125
1073744.375
1057553.0
1061750.25
1056431.375
1064545.75
1064701.0
1071611.0
1062119.375
1072399.125
1052744.125
1072189.875
1068937.75
1070918.875
1094850.25
1060913.75
1068036.5
1079165.25
1056879.375
1051658.875
1056247.25
1074631.25
1056632.0
1091669.75
1074203.75
1077029.75
1056773.625
1068881.375
1078147.25
1082377.0
1075444.625
1076188.5
1076495.25
1065284.25
1061493.0
1045139.625
1073520.75
1061834.875
1073660.75
1077599.375
1096495.25
1065263.75
1058808.625
1075188.875
1046283.9375
1065292.5
1067187.25
1064005.25
1059213.0
1055912.75
1070647.125
1078645.0
1054711.875
1067090.75
1055456.5
1064999.5
1065564.25
1055245.875
1071618.125
1066964.375
1055892.5
1063686.125
1060876.125
1056288.25
1063785.625
1062923.0
1064787.5
1071857.75
1068690.75
1054825.0
1076469.5
1072882.0
1062810.375
1075886.75
1068055.875
1051128.0
1094677.125
1064668.875
1061708.625
1070052.125
1057037.625
1069062.25
1062560.25
1059800.375
1064987.875
1058449.375
1065121.375
1054343.0
1058143.625
1066388.625
1081000.625
1076148.125
1070975.75
1072204.25
1061456.125
1067771.125
1070068.875
1074785.0
1059420.625
1050911.625
1069571.25
1068342.125
1068268.0
1066506.25
1061361.75
1058279.875
1068221.0
1075541.75
1072152.375
1066051.0
1058949.625
1063887.0
1060265.625
1057161.75
1071152.125
1068107.75
1060391.125
1064908.25
1068414.25
1081898.0
1071438.25
1060333.375
1068745.625
1069636.25
1071640.5
1072766.875
1073048.75
1056650.75
1067089.875
1074622.375
1058626.875
1071474.625
1061745.5
1058717.875
1075889.375
1059342.375
1061318.625
1064594.25
1055746.375
1062474.25
1061702.5
1054459.125
1068685.875
1056969.375
1058573.625
1071087.0
1059863.875
1082660.0
1053917.375
1072462.0
1075216.625
1065739.375
1070699.875
1061787.875
1073039.5
1043883.75
1060102.0
1072491.0
1071605.75
1043967.8125
1062775.5
1061797.25
1065060.0
1073868.375
1061628.125
1068175.75
1052281.5
1061126.625
1073190.375
1065558.375
1069181.5
1071981.125
1068525.125
1066956.125
1059291.875
1049869.0
1057645.0
1056864.75
1057661.125
1065349.125
1065333.625
1051815.5
1072046.125
1056323.625
1056286.375
1070217.875
1087238.0
1068260.375
1056424.625
1044055.5
1064163.5
1061599.25
1063382.625
1054372.0
1057279.25
1061847.5
1064909.75
1049872.875
1059837.875
1064199.875
1064400.5
1057511.875
1060864.125
1058670.375
1072385.0
1058343.375
1060102.75
1058292.5
1072100.5
1063410.875
1070044.25
1054845.625
1057687.0
1057699.625
1051233.25
1065892.75
1053892.25
1050939.625
1060166.0
1051516.25
1063079.125
1055416.625
1068496.75
1046502.3125
1060321.875
1061790.125
1058405.0
1054989.5
1052783.375
1050853.75
1065630.125
1058161.625
1065836.625
1071949.75
1063365.875
1052232.375
1045861.0
1060512.5
1057894.625
1049866.125
1055041.875
1055060.375
1064132.25
1062482.125
1064069.0
1055412.375
1047313.875
1040531.6875
1052356.5
1071006.375
1074163.625
1049765.875
1059725.25
1059557.375
1063596.5
1062537.75
1071540.875
1051534.25
1057066.75
1058342.75
1059268.75
1051194.875
1050922.5
1038137.625
1049614.125
1063505.0
1072603.125
1065586.0
1062254.375
1034714.1875
1057270.875
1058234.5
1062998.875
1054754.125
1059906.0
1055140.75
1064671.375
1058955.375
1031976.3125
1054179.75
1059053.25
1075554.5
1068411.25
1046689.75
1058935.125
1064719.25
1054746.375
1075589.5
1078611.375
1052867.125
1059084.125
1052687.125
1071961.5
1053447.625
1048100.0625
1064510.875
1062397.875
1069667.625
1058637.125
1054736.75
1048484.3125
1070415.375
1070753.375
1049155.875
1052413.0
1068965.25
1054145.5
1060437.125
1059859.875
1048519.375
1047354.4375
1060705.5
1043272.0625
1076984.125
1048697.25
1059082.0
1053015.625
1050473.375
1039956.9375
1043793.25
1064283.0
1048092.5625
1044308.3125
1050152.875
1048224.5625
1057559.375
1044572.1875
1055513.125
1040374.0
1044625.1875
1051765.75
1047550.9375
1063555.25
1067258.375
1067669.125
1039383.875
1059809.75
1042697.625
1050495.0
1056927.75
1069765.375
1051670.125
1056659.375
1042800.6875
1056702.125
1049687.5
1058856.125
1079350.5
1054450.625
1070334.375
1046503.9375
1055617.125
1068352.0
1051909.375
1039943.625
1061441.625
1040912.5
1062277.125
1053414.25
1044977.0
1044149.1875
1064644.125
1050003.5
1053950.0
1055429.625
1056509.625
1056019.625
1056980.875
1055337.5
1082717.875
1041341.9375
1072770.25
1053092.5
1051510.125
1051645.625
1053006.5
1040480.375
1061251.875
1049795.5
1058771.875
1055308.25
1066535.625
1059872.0
1044357.1875
1041282.6875
1043171.4375
1057464.0
1061404.125
1030950.9375
1042876.8125
1038485.625
1028097.8125
1038115.5625
1036551.8125
1065268.0
1065963.5
1053143.5
1055122.875
1037984.4375
1048189.0625
1053780.0
1038329.6875
1051868.0
1059193.125
1063253.125
1060758.875
1054408.375
1067978.625
1034357.1875
1057902.625
1039203.875
1052012.125
1047736.875
1051126.25
1039227.9375
1046905.6875
1053265.25
1060109.625
1042303.3125
1044418.0625
1056815.75
1074804.5
1047725.5625
1061050.125
1054097.5
1038216.9375
1037077.6875
1050412.625
1048097.625
1039242.3125
1036513.125
1043605.3125
1052990.5
1040504.0625
1034507.625
1036441.625
1045513.625
1032139.125
1062242.0
1045343.9375
1054733.25
1054667.625
1031601.4375
1045598.0625
1049910.5
1043564.125
1053668.25
1039323.8125
1053995.875
1039746.1875
1059053.25
1039123.8125
1057759.0
1041962.4375
1050025.0
1029301.9375
1044282.0625
1057219.125
1054267.625
1054856.25
1053059.25
1045876.0
1042988.0
1052526.625
1052281.0
1051774.5
1037788.25
1050963.625
1036834.3125
1036563.125
1028090.75
1025799.375
1054780.875
1041291.9375
1047687.625
1042542.625
1042743.375
1044768.0
1039682.5
1054161.25
1048337.8125
1038884.0625
1045400.4375
1047625.125
1043812.0625
1034518.125
1049272.375
1043570.6875
1063997.625
1052474.0
1045137.0625
1054834.375
1054148.75
1042457.5625
1055928.75
1044770.25
1060904.5
1040044.0
1040014.375
1044071.0
1047516.8125
1051207.875
1046306.5
1044911.0625
1051925.625
1048617.125
1040888.1875
1039615.5
1040345.25
1052919.75
1032746.4375
1041012.0
1037339.25
1041045.8125
1043198.3125
1039615.375
1045096.3125
1028026.6875
1039040.75
1041414.0
1048385.4375
1044615.875
1039395.375
1051434.875
1057890.875
1029997.125
1037698.875
1043077.875
1040762.25
1048736.5
1055615.25
1051564.5
1044320.0
1040206.1875
1048779.25
1030000.0
1059230.75
1038284.375
1042365.625
1044570.0625
1038922.0625
1031956.8125
1042323.9375
1031083.75
1046383.0
1050927.75
1028250.75
1048187.75
1041765.0
1041710.25
1032763.5625
1046061.75
1040335.125
1039100.375
1037032.625
1043900.625
1036599.1875
1038829.375
1037051.875
1042731.75
1041586.1875
1040374.25
1038887.5625
1038649.0625
1036885.9375
1032432.625
1035292.5625
1031049.125
1044524.125
1034330.5
1034476.75
1041758.25
1033142.375
1051773.625
1024286.5625
1035521.5
1037239.0
1022757.125
1043142.3125
1062839.625
1056359.375
1048283.6875
1042974.5
1047758.625
1045672.4375
1059926.5
1034446.3125
1049430.875
1049485.375
1037344.875
1045887.3125
1031589.5
1056702.75
1031484.9375
1042579.0625
1051054.375
1029222.4375
1036124.5625
1046177.625
1047551.5625
1041707.4375
1041444.875
1044577.625
1037171.0
1030469.875
1048992.75
1038933.875
1038082.5625
1038982.125
1052096.25
1034484.25
1040023.8125
1042109.3125
1033041.0625
1044522.4375
1044291.75
1040871.5625
1038925.3125
1041589.5
1034720.3125
1028936.6875
1040440.9375
1034016.25
1036295.0
1037451.375
1036465.5625
1021255.9375
1035416.75
1040456.25
1044714.875
1043864.6875
1033259.375
1032400.5625
1033770.0
1028794.75
1036165.6875
1037076.625
1036418.5625
1030152.0
1038542.875
1046661.0
1038298.5
1041456.0
1040106.0
1038405.8125
1054542.0
1032901.125
1033291.0625
1034672.0
1041052.75
1036202.1875
1033833.6875
1040190.25
1040974.625
1031238.1875
1048178.125
1042070.4375
1033169.0
1022594.875
1037771.1875
1039276.5
1014412.6875
1033600.3125
1028351.625
1037352.9375
1073962.125
1038412.5625
1038411.9375
1033418.6875
1045164.375
1034015.9375
1037852.125
1036451.8125
1035400.25
1028004.0625
1039932.125
1030964.125
1037352.4375
1042033.0625
1040480.5
1032423.875
1033501.9375
1018425.75
1035170.625
1034640.6875
1047158.6875
1036433.9375
1040517.875
1026947.3125
1028977.625
1033157.4375
1056906.5
1045126.125
1024037.75
1037838.9375
1035578.125
1050812.625
1042108.125
1029872.5
1015383.875
1041729.4375
1028568.8125
1022986.75
1033252.8125
1022683.3125
1030883.3125
1043050.75
1039608.0625
1026553.3125
1043074.9375
1044830.875
1039529.75
1046832.375
1034294.125
1034063.375
1037770.625
1034104.5
1027968.0625
1064288.25
1018554.375
1033761.4375
1051188.0
1044175.5
1020043.4375
1038964.125
1047639.1875
1046000.5625
1044847.0625
1019308.6875
1025699.75
1026042.625
1036353.5625
1047121.5625
1042410.9375
1041802.5625
1044697.875
1017721.1875
1015451.6875
1021796.625
1031974.25
1028963.625
1024092.875
1028108.375
1021547.8125
1033040.5625
1027102.25
1019082.3125
1035074.875
1029452.9375
1034228.875
1031727.375
1027626.125
1029458.8125
1034480.6875
1043298.9375
1025515.125
1030828.8125
1024857.8125
1027719.75
1020169.8125
1024673.0625
1037707.0
1037541.875
1022236.625
1023167.625
1034251.3125
1031549.5625
1025746.0
1028611.5
1032726.625
1023565.125
1024147.9375
1041131.1875
1021436.5625
1035054.4375
1025365.4375
1031786.625
1027278.25
1029631.6875
1021057.75
1053038.875
1026495.4375
1027103.875
1023235.875
999221.125
1030478.25
1026830.4375
1024965.125
1017516.1875
1037890.8125
1020284.0
1039561.5625
1027679.6875
1042318.75
1034335.6875
1043633.875
1042377.6875
1034151.125
1029383.125
1025770.3125
1021814.1875
1046791.5
1022320.8125
1027007.25
1017500.5
1031149.625
1032738.9375
1031328.4375
1023043.6875
1015423.375
1022280.0625
1021045.625
1038071.625
1021446.0625
1011149.8125
1010182.0
1016356.4375
1024205.8125
1020933.125
1030387.1875
1023156.875
1029012.3125
1029177.0625
1026096.3125
1038389.75
1025881.6875
1045634.0
1033536.75
1033849.875
1047825.6875
1018297.0
1020559.125
1035164.25
1033461.875
1002038.875
1029598.625
1034029.0625
1027087.5
1029869.625
1026504.0625
1027917.25
1025113.875
1013107.875
1037314.1875
1033994.625
1023725.4375
1031847.9375
1035881.25
1028283.25
1025886.625
1027071.5
1031304.625
1020650.25
1040503.125
1035733.625
1028750.0625
1015986.5
1029610.0
1029422.6875
1024452.375
1032091.875
1012229.0
1015094.0625
1023419.0625
1017387.875
1024520.5
1032535.0
1023128.625
1031894.875
1020591.125
1026942.8125
1017483.0
1016955.5625
1023711.0625
1026475.6875
1029871.75
1028068.3125
1021073.4375
1019938.75
1025458.4375
1020878.625
1029180.3125
1031276.25
1029284.5625
1026413.3125
1022608.5
1020034.3125
1028119.0625
1025636.6875
1026449.625
1027046.125
1017167.5
1023049.125
1036587.375
1018872.3125
1031412.6875
1016254.3125
1010463.375
1020623.875
1026373.25
1023450.6875
1009311.625
1019366.125
1020705.125
1022933.9375
1028376.6875
1024310.4375
1028676.4375
1022266.5
1027387.4375
1030292.9375
1025871.875
1028521.375
1014018.625
1013872.0625
1034546.0625
1027510.0625
1021268.5625
1028404.6875
1020460.125
1016808.375
1016798.125
1028498.125
1027303.25
1023633.5625
1017610.75
1018649.375
1016189.4375
1015100.6875
1022239.4375
1029120.25
1020461.5
1011594.9375
1018312.75
1015083.125
1023134.375
1011894.625
1010696.875
1019457.6875
1026191.25
1026174.25
1038713.125
1029777.125
1003342.875
1019960.5
1016612.1875
1023540.125
1016668.25
1014403.3125
1031181.25
1015434.0625
1019580.375
1016233.625
1014363.8125
1055472.25
1010754.75
1010291.0625
1018562.875
1005756.4375
1014449.4375
1009404.75
1032464.5
1014412.9375
1035027.875
1019869.4375
1018259.625
1023761.8125
1017864.9375
1010586.6875
1015148.1875
1016787.625
1015119.4375
1027964.5
1022232.0
1018471.9375
1010821.1875
1009213.0
1017923.5
1027306.9375
1019749.125
1014970.0
1014102.3125
1017456.0
1026244.125
1023199.875
1017492.4375
1012403.8125
1011327.6875
1017068.3125
1016581.125
1018401.5625
1013291.5625
1016872.3125
1013170.875
1024224.5625
1016698.0
1014400.9375
1020093.9375
1029810.4375
1032859.3125
1020175.125
1021483.3125
1019876.5
1004103.375
1027709.8125
1008240.5625
1010530.875
1011766.125
1017443.6875
1042280.25
1029570.75
1022581.75
1003389.8125
1008557.4375
1020949.4375
1021221.6875
1013160.4375
1018306.6875
1020013.0
1020615.375
1022535.6875
1017720.375
1016706.0
1020886.3125
1009787.3125
1029346.5
1011088.3125
1013220.75
1007787.0625
1000638.875
1022206.375
1025888.1875
1007421.625
1022958.0625
1015690.25
1017327.5
1013203.5625
1016164.9375
1029917.0
1006451.875
1009346.25
1008816.6875
1011640.375
1014376.5625
1004265.375
1012399.25
1012337.9375
1015029.75
1014900.875
1008539.5
1013574.125
1014870.0625
1016944.4375
1021011.9375
1035415.4375
1004807.5
1021128.375
1014256.9375
1011484.375
1016734.75
1009760.0
1007523.625
1012434.625
1009931.5625
1026416.25
1032344.25
1003747.875
1009242.5
1008729.6875
1027667.875
1007388.875
1021387.0
1015119.0
1010608.0625
1019269.125
1004807.75
1012326.1875
1003588.25
1016866.375
1011199.3125
1007893.25
1013714.3125
1009109.875
1013827.3125
1007696.8125
1001735.375
1012630.5
1017032.9375
1006489.9375
1010512.6875
1004493.1875
1025413.125
1003634.6875
1008567.25
1008753.4375
1016214.75
1012773.25
1002072.625
1012617.875
1007753.625
998880.125
995402.625
1006662.75
1007485.75
1011099.125
1004944.5
1005945.4375
996992.1875
1009437.375
1020546.5625
1003455.625
1008615.6875
1018978.3125
1000771.625
1004637.9375
1009649.75
1019353.5625
1018066.875
1003174.375
1004124.125
1008598.5625
1010042.125
1010530.8125
1008954.0
1018916.3125
1016329.5625
1021508.1875
999465.1875
1001349.875
1012964.125
1001352.6875
1001371.75
1025000.8125
1004603.3125
1003104.75
998701.8125
1008028.4375
1008753.25
1010829.0
1009532.5
998886.5625
1010943.25
1008835.125
1009682.6875
1002242.25
1001552.875
1012080.6875
991727.625
1010338.5
994535.6875
1002034.5625
1017981.3125
1004591.0625
1003257.0625
1000181.0625
1003237.1875
1009648.625
1003327.875
1010093.8125
1003735.1875
1007665.75
1007871.3125
1019653.4375
1000603.9375
999636.0
1007292.5625
994369.0625
1006593.625
1009360.6875
989881.0625
995770.0
992990.8125
1004637.125
1012661.375
1000356.375
1013286.75
1011124.6875
1009388.6875
1010345.4375
1010910.6875
1009196.375
993128.375
996202.8125
1019435.0
1006022.125
994502.875
1008183.875
1009830.5
1016056.625
1005104.875
1002563.5625
1011846.875
999050.625
1000856.8125
1010071.9375
1012837.3125
1011567.6875
996832.125
1008472.1875
1000807.125
1003357.375
1024376.1875
1003684.6875
1001485.0625
1005141.8125
1001647.0625
1001337.625
1010128.5625
1008562.375
1004306.4375
1007745.1875
1001037.8125
1033852.875
1002410.625
995250.3125
1003300.5625
1014223.5625
1000414.8125
1000907.9375
1004803.5625
998143.625
1005574.0
1025125.8125
1000916.6875
1000438.6875
1002452.4375
990548.625
1008676.3125
997915.875
987313.875
999458.125
995686.3125
999819.9375
992676.4375
998912.5
1000256.25
996973.5
1005410.375
1004603.5
1015394.5625
1007255.4375
1008264.375
999936.5625
1004786.3125
1006497.875
998334.875
997707.0
1007445.0625
1004492.8125
1003101.9375
998247.125
1005540.6875
1014966.875
1003544.5625
1036544.125
1002033.1875
1014295.75
999205.5
999517.9375
1004656.8125
1009960.5625
994338.4375
999954.1875
1002191.125
988267.5
995281.3125
993568.9375
994416.5625
995569.6875
1002089.5
1004385.0625
1004519.625
998000.75
1006123.5625
1001595.5
994300.125
1002833.375
1007004.9375
1015335.0
1017491.875
995090.5625
1000386.5625
999405.9375
993501.9375
998264.9375
1009581.625
1006086.25
1006592.1875
1002410.125
1006249.5
1004151.0625
989796.375
1004005.625
994337.25
996264.9375
1000263.625
990249.8125
1002299.125
997529.5
999909.4375
979817.6875
1002402.6875
1000525.3125
1011668.125
999332.875
998182.9375
991092.5
993147.3125
994604.5625
988615.375
998644.875
1001066.1875
976737.6875
994645.125
1002731.5625
1011059.625
991295.375
984882.5625
997354.4375
993752.375
999053.1875
1003785.3125
994171.875
987043.4375
992054.625
992462.8125
1015633.3125
1001358.125
988826.0
998333.75
991442.125
1023484.6875
993503.375
1003304.875
1005351.5
988028.8125
1009297.4375
995114.1875
990939.9375
1003513.4375
1000083.125
990193.6875
1003901.625
987903.375
1014589.1875
1012633.375
995349.5
988410.125
992771.8125
999642.75
987004.5
986113.875
988837.5
994643.25
980368.0625
999576.5625
989956.5625
993486.1875
984532.6875
1000783.5625
994060.1875
999039.1875
996067.625
984397.4375
990545.1875
989533.625
993383.5
1032143.1875
996715.0625
993106.9375
984963.9375
988703.125
992661.375
990594.125
999382.5
996251.5625
974240.6875
983540.0625
987891.4375
989150.3125
995093.4375
987072.25
998515.4375
1007435.75
986334.5625
1014926.0
995065.125
1010298.625
996271.375
992453.6875
986705.1875
987946.875
981287.5625
984273.875
991126.375
994659.0625
991932.0
995048.9375
988969.125
985029.0625
990629.3125
1009525.875
993916.375
986588.9375
990967.6875
987168.625
985674.125
1006959.1875
996565.125
999161.875
984483.1875
987394.125
984612.5
982389.25
968077.25
997876.0
974425.1875
984466.9375
999478.6875
992985.5625
984683.0
984505.4375
993244.9375
998471.4375
994913.1875
989021.5
990720.875
986807.4375
982875.875
986222.875
986681.9375
995328.6875
992932.375
979815.1875
979916.1875
990330.5
994373.375
982598.0625
996401.5625
997141.6875
1001480.0625
990590.5
982986.875
990183.0625
978634.6875
994854.75
986469.9375
995280.75
992688.75
994493.0
979454.1875
980680.3125
987479.25
987630.9375
989338.6875
998804.625
996925.8125
980638.875
989182.5
993926.875
983526.875
978985.75
986337.625
982881.4375
980648.4375
991761.5
973274.5
989125.125
985739.5625
987193.125
976639.625
989118.5625
988106.5
987087.5625
