1196260.5
1112463.875
1132906.625
1109104.625
1112230.0
1102711.875
1105025.625
1106675.5
1057545.875
1106581.875
1085528.375
1080913.25
1081624.75
1092858.125
1112738.75
1123414.25
1074069.125
1091205.75
1102878.0
1103738.25
1093508.375
1077821.875
1109780.375
1106316.25
1117800.25
1100349.625
1124264.5
1069903.625
1082980.625
1094361.625
1101077.875
1083127.875
1095075.0
1089871.0
1079524.125
1075319.625
1077114.5
1108752.0
1106639.0
1047588.5
1129687.0
1102696.5
1110303.5
1106672.875
1100288.25
1110566.375
1075280.75
1103017.0
1100299.625
1107142.5
1079021.375
1104770.375
1082278.0
1090393.625
1114386.625
1106769.0
1124543.625
1098945.5
1124153.0
1094153.25
1100522.625
1095290.0
1104163.875
1078535.75
1088820.0
1066106.75
1082662.25
1103091.625
1126482.75
1108391.75
1081965.0
1087135.0
1079792.625
1064612.75
1098436.5
1101994.125
1098062.75
1098799.375
1103033.25
1122324.75
1093874.0
1088636.125
1111964.875
1103825.25
1097690.0
1078181.625
1096578.0
1076154.0
1116008.75
1094057.125
1093932.875
1108771.5
1115814.625
1087805.375
1068189.75
1070316.5
1069383.0
1093442.0
1072583.75
1102248.5
1099087.75
1122754.0
1083680.375
1088610.875
1109695.625
1104189.0
1058107.625
1078509.125
1104105.0
1082134.875
1102781.0
1086896.25
1104252.375
1078652.375
1095719.875
1102492.875
1104313.25
1075892.5
1108875.375
1090304.125
1097654.875
1070333.5
1087413.75
1091427.875
1126704.875
1111187.0
1090954.25
1081300.75
1125784.125
1109196.625
1092380.125
1102513.5
1098352.875
1079419.625
1108291.5
1114101.75
1079079.5
1096988.625
1092701.125
1104529.25
1057335.875
1096754.125
1125266.375
1077724.125
1124196.25
1116194.375
1117898.125
1123221.5
1127480.875
1099973.625
1085058.0
1105785.875
1122629.875
1080618.25
1083576.125
1085095.875
1090021.5
1104008.875
1115185.5
1090654.25
1057185.375
1112199.625
1080166.875
1124488.875
1080591.25
1106281.0
1102907.0
1091709.375
1098200.125
1043583.1875
1082872.25
1073349.75
1097483.5
1077295.375
1083674.0
1076915.25
1093301.0
1092108.25
1066383.25
1114524.5
1073334.125
1098821.625
1102241.625
1109393.375
1124210.625
1067825.375
1085745.75
1091583.375
1083088.0
1095921.375
1073483.125
1097790.75
1078596.5
1075498.5
1065997.375
1116170.5
1054154.0
1114376.75
1078042.125
1084356.875
1109871.375
1075452.875
1088891.375
1063872.75
1116956.0
1090912.0
1104196.625
1093793.75
1105254.25
1108164.125
1098723.0
1126358.125
1098280.875
1066614.25
1083091.0
1066536.375
1082632.125
1071993.875
1082010.0
1104590.75
1084046.25
1109314.625
1111358.5
1102596.375
1093530.0
1065912.125
1110753.25
1094659.0
1068171.5
1097244.875
1077101.75
1100619.25
1077867.375
1095466.125
1094547.125
1104359.75
1117797.625
1101218.625
1098724.375
1095961.125
1080307.375
1109995.25
1114774.375
1083869.25
1104634.25
1104257.0
1081142.0
1045105.5625
1089726.875
1077421.25
1096478.25
1093704.25
1095569.0
1065572.875
1058079.125
1086344.0
1092564.375
1055321.5
1106289.875
1066353.75
1105699.875
1104054.625
1103556.75
1120117.25
1071286.25
1126509.375
1083380.875
1094718.5
1088626.875
1089857.0
1091449.375
1105150.25
1082475.125
1088830.875
1117144.625
1071589.875
1088708.625
1099374.375
1088345.75
1076723.125
1104702.25
1092937.5
1096099.5
1092065.125
1100118.875
1105980.625
1065633.0
1089601.375
1068108.25
1076802.375
1068440.25
1101155.875
1076429.375
1077485.75
1072087.875
1121242.75
1079427.5
1055283.5
1086172.75
1085182.875
1078085.0
1082637.875
1084911.125
1083489.25
1100826.5
1078103.5
1071402.0
1097216.25
1074083.125
1084640.875
1087129.375
1080235.5
1080904.125
1091562.375
1073927.875
1043314.0
1060854.125
1090123.25
1075546.875
1060443.75
1063899.75
1088946.625
1087443.125
1061760.75
1076395.0
1076619.375
1103796.125
1085745.875
1064292.375
1085923.75
1082522.375
1087631.375
1093304.875
1070944.125
1078732.25
1094668.125
1077578.5
1097857.625
1087164.875
1122954.25
1096989.625
1098297.625
1093915.5
1073554.875
1084760.75
1045046.4375
1065502.5
1093982.25
1101053.875
1071866.0
1094117.0
1094252.5
1108156.25
1087787.625
1079994.0
1122262.0
1078798.5
1077829.625
1061666.5
1093135.875
1057048.75
1048528.8125
1077259.25
1080252.125
1071510.625
1099267.625
1087287.0
1078188.375
1096857.125
1078167.0
1094790.875
1065564.0
1073647.0
1069174.0
1097289.75
1066196.0
1065954.375
1078790.125
1092789.125
1084875.25
1069981.125
1102476.25
1068753.875
1108319.0
1092942.125
1106751.25
1056915.25
1069930.125
1067841.25
1095126.125
1073345.25
1072817.375
1070203.125
1104520.375
1076119.75
1084338.5
1047238.5
1072731.5
1078179.75
1073873.25
1087888.0
1090986.25
1077028.625
1064937.125
1083720.875
1080783.875
1085585.125
1074378.5
1085562.75
1089462.875
1090320.875
1079704.875
1094617.0
1078386.875
1090510.875
1070866.5
1083781.25
1073607.5
1044843.8125
1061533.875
1073294.375
1106224.875
1068464.25
1075055.0
1102414.0
1060927.25
1064707.125
1074229.0
1087094.125
1079117.25
1088884.75
1070067.125
1064167.75
1092256.875
1086814.0
1052801.875
1067546.625
1070136.625
1098666.125
1068724.75
1071754.625
1062543.0
1067133.0
1070327.875
1083431.5
1080324.375
1088467.625
1090125.875
1059237.0
1055702.625
1063735.5
1076023.125
1049016.25
1084519.875
1090612.875
1077492.125
1060383.375
1061945.5
1072932.375
1072288.25
1075406.125
1076526.75
1056521.375
1080594.5
1099860.75
1085542.0
1070564.375
1076830.25
1069594.75
1069947.0
1087243.75
1067876.25
1057673.0
1084409.0
1072749.5
1083247.125
1091187.375
1090456.625
1073320.625
1062965.75
1076542.75
1088091.0
1083578.25
1059131.25
1058043.875
1102176.0
1079069.25
1082022.0
1084850.0
1069924.375
1077073.5
1083859.375
1082589.875
1082615.875
1057362.625
1077604.125
1087980.5
1099947.125
1055769.875
1081588.625
1091129.875
1077134.375
1055569.875
1083313.625
1068698.75
1055490.5
1058128.0
1079050.25
1079421.625
1057591.75
1104424.75
1081899.0
1080062.0
1066800.125
1057059.875
1085172.375
1087367.75
1069672.25
1043768.5
1071858.5
1058872.875
1077180.375
1081737.875
1082445.5
1086802.75
1074748.625
1067408.375
1073191.125
1057641.5
1080019.125
1061700.125
1086127.0
1075758.125
1082299.75
1069013.625
1072989.625
1046797.3125
1079961.375
1051296.375
1075361.25
1080561.625
1080328.625
1073897.125
1069063.5
1078287.25
1057222.5
1074030.0
1079866.25
1081452.125
1072525.25
1061443.75
1063943.875
1075166.5
1051347.5
1076196.625
1076793.375
1056364.75
1065329.875
1071121.25
1068046.625
1084151.5
1068224.125
1052596.25
1056591.625
1062177.875
1067407.25
1085088.0
1069480.875
1048754.125
1065604.625
1078321.0
1068569.625
1064658.0
1057501.25
1070037.125
1056743.75
1062401.0
1048574.9375
1075215.0
1056601.5
1079731.5
1077054.0
1085841.625
1066155.125
1064998.25
1081057.5
1075353.75
1083894.375
1072481.625
1056232.0
1060334.5
1071567.5
1073694.625
1041956.625
1073027.25
1057873.875
1036137.8125
1091449.875
1080236.375
1063812.875
1048571.6875
1056520.625
1077918.0
1063569.25
1058912.75
1074250.625
1085060.25
1072176.5
1046922.375
1061222.875
1081986.375
1062754.0
1041541.0625
1069159.125
1060250.25
1091055.875
1075434.375
1079272.25
1052131.375
1071606.75
1079223.5
1062877.0
1051930.25
1042067.4375
1086092.5
1045643.875
1057175.0
1054157.0
1069839.75
1053467.125
1074642.875
1090244.25
1064251.625
1042334.125
1064544.0
1052343.375
1077875.75
1054078.25
1080859.25
1048471.6875
1062832.875
1062968.75
1055653.0
1041426.8125
1083120.375
1064323.75
1084615.875
1051792.25
1066053.0
1045495.375
1060980.0
1057975.75
1032165.5625
1083055.5
1057922.625
1075181.375
1085976.5
1071643.0
1061517.625
1080267.25
1073217.875
1078607.0
1051511.25
1078620.5
1080148.875
1064597.25
1052792.75
1057440.75
1049604.5
1073529.25
1082514.25
1083091.25
1054135.25
1078451.0
1052968.875
1065375.875
1068467.5
1052279.625
1060224.125
1039279.375
1038107.1875
1084450.375
1057727.75
1061899.75
1052326.375
1047471.25
1064962.5
1046515.125
1047479.9375
1051887.125
1057918.5
1065670.375
1063553.875
1082189.25
1049534.5
1071548.25
1063268.875
1063363.875
1027920.3125
1047584.0625
1067608.625
1046290.1875
1054420.125
1068098.125
1049368.875
1039940.375
1069832.875
1062894.5
1041229.9375
1049412.0
1055396.0
1075068.0
1073428.625
1033778.6875
1065943.375
1079181.25
1063042.5
1079397.5
1053533.375
1053875.375
1053205.5
1069912.875
1046238.375
1077560.0
1035215.875
1075752.625
1049992.25
1047390.0
1054141.875
1056620.25
1045570.8125
1074870.125
1026888.625
1061707.625
1052713.25
1050996.25
1067654.375
1053225.125
1037427.625
1059156.875
1033036.875
1077105.25
1080264.875
1062329.375
1056625.875
1069630.625
1034968.625
1068266.5
1072680.25
1060304.25
1062196.5
1062750.0
1039967.0625
1042996.9375
1054747.625
1065765.5
1077874.875
1063683.625
1052893.5
1040897.1875
1072567.375
1032018.5
1048498.1875
1059638.75
1057956.0
1068267.625
1060448.875
1042675.5625
1058020.625
1076267.0
1075022.625
1076130.5
1065592.75
1038989.125
1048640.0
1023101.3125
1079307.5
1068315.875
1048403.125
1054620.875
1070837.75
1062775.125
1034650.0625
1050810.125
1056633.875
1044077.375
1035792.3125
1039645.8125
1043920.0
1050020.0
1058296.875
1024012.75
1035636.1875
1071794.625
1062452.75
1050770.625
1068029.875
1070059.25
1077664.375
1053700.125
1057982.0
1031565.8125
1045326.5625
1046510.6875
1044909.8125
1051465.0
1044135.125
1055344.25
1060916.125
1060702.25
1062974.125
1060676.375
1050709.0
1063856.375
1064429.625
1066409.375
1044398.9375
1050712.375
1063279.125
1042882.9375
1045900.0
1062777.75
1042035.125
1053758.75
1059128.75
1041686.9375
1038901.625
1033980.125
1060916.25
1052060.625
1049113.25
1052612.875
1055577.0
1041527.0625
1050971.625
1045345.5625
1030561.625
1047280.625
1027928.0625
1044171.4375
1069896.625
1049013.75
1060129.125
1016140.75
1056950.0
1035244.25
1038173.5625
1067246.875
1025315.875
1050545.375
1058033.5
1043014.25
1052347.5
1068906.125
1090992.375
1044658.6875
1063378.125
1045151.0
1048641.375
1064181.375
1043770.1875
1046082.5625
1058309.25
1041145.625
1068109.25
1075712.625
1067713.375
1048217.1875
1026470.75
1051595.125
1046947.3125
1053518.375
1057748.125
1038976.0625
1030750.3125
1060244.625
1045494.375
1043144.625
1037690.3125
1060423.125
1050452.625
1048800.5
1016008.6875
1027560.875
1020007.0625
1025621.6875
1036782.4375
1036790.875
1026269.0
1044283.75
1033441.4375
1040295.8125
1029234.5
1079151.75
1045960.0625
1030204.8125
1054193.5
1048721.0
1011917.875
1072477.25
1036976.375
1054712.0
1036350.25
1037180.8125
1043131.0625
1048819.0
1028364.25
1061791.75
1061033.5
1042101.3125
1043814.8125
1018229.875
1071197.25
1039396.9375
1052618.25
1034490.75
1040317.6875
1030871.25
1035236.625
1023819.75
1031900.3125
1057804.875
1066700.0
1062866.625
1050744.5
1036933.5625
1078725.25
1056565.5
1045520.8125
1046161.75
1053547.625
1046271.875
1045415.4375
1055095.0
1052920.125
1080904.5
1052782.375
1054144.0
1018205.3125
1061527.875
1027605.9375
1033502.6875
1037189.625
1061912.125
1016737.8125
1057105.125
1041482.75
1051120.375
1037897.75
1037702.25
1051053.75
1056323.875
1043694.25
1050675.375
1044399.375
1040813.6875
1038357.1875
1040804.25
1046763.125
1046736.0
1041991.1875
1050540.125
1049329.5
1045467.0
1036597.5
1037287.25
1019990.125
1052302.0
1045528.75
1067901.875
1032048.5625
1037014.125
1030284.875
1050560.5
1058248.5
1034141.8125
1038740.875
1046141.875
1024443.8125
1034245.9375
1043540.75
1034885.3125
1036326.875
1023190.0625
1053212.875
1025963.25
1041973.6875
1040749.125
1045431.875
1038669.4375
1048308.5
1040176.3125
1049959.25
1024103.125
1056683.75
1023804.3125
1034336.3125
1037250.0625
1027341.9375
1030207.125
1037017.25
1024934.5625
1036578.1875
1048078.25
1026594.3125
1031837.1875
1045685.125
1021755.6875
1047117.5625
1037720.75
1053147.25
1038102.0625
1039227.3125
1036824.125
1036368.9375
1049437.5
1019508.4375
1053530.75
1024814.75
1030245.1875
1039622.5625
1040568.625
1020145.5
1041400.875
1018088.5625
1038163.0625
1040116.3125
1049710.5
1037459.5625
1040714.9375
1057378.375
1044593.8125
1037100.625
1051411.0
1039221.0
1029316.5
1042191.9375
1029138.0625
1035134.625
1025479.0
1057987.125
1037652.875
1046306.4375
1023804.0625
1028663.5
1060965.625
1016667.75
1017901.0625
1052776.875
1033968.1875
1043899.25
1038096.0
1031175.875
1037247.9375
1046871.5625
1065014.25
1044384.3125
1026168.125
1031315.375
1033915.25
1043507.3125
1032254.25
1039551.1875
1042339.25
1044851.4375
1042169.875
1026264.1875
1022756.5
1058463.125
1049913.625
1059566.75
1020365.1875
1050118.75
1024459.5
1038467.4375
1039121.5625
1035070.625
1025812.5625
1028857.3125
1032047.25
1023081.75
1043533.4375
1040679.125
1024888.25
1046211.6875
1014689.875
1032562.25
1042515.875
1026739.375
1035388.25
1045772.625
1033152.625
1013660.875
1037364.625
1031124.8125
1022853.0
1040955.125
1042859.75
1050544.125
1039890.6875
1047272.1875
1045283.4375
1040182.375
1033170.625
1043188.3125
1021852.375
1044255.5
1034876.6875
1046158.125
1034597.8125
1029600.9375
1057941.625
1005395.4375
1041323.75
1040354.0
1038307.0625
1058110.25
1005916.0
1018281.6875
1049147.0
1042887.5625
1004368.125
1016837.1875
1029996.9375
1007311.0
1036966.5
1030462.875
1006363.1875
1044613.875
1044738.625
1025617.1875
1050066.875
1022760.9375
1053387.875
1053517.75
1032760.125
1033082.125
1017035.4375
1021785.0625
1030974.0
1031272.25
1032207.9375
1030465.125
1028379.4375
1011739.75
1031626.6875
1016663.4375
1020873.0625
1031853.25
1031638.375
1030998.25
1030524.5
1011946.6875
1037207.9375
1027185.1875
1029952.8125
1032787.125
1029942.625
1033824.375
1016710.5
1004813.75
1040572.3125
1020719.0
1037234.0625
1030245.125
1041646.75
1034113.4375
1018552.1875
1039994.5625
1017055.1875
1013519.6875
1024343.5
1034613.8125
1021406.0625
1034799.25
1060071.25
1013125.0
1022822.8125
1041908.0625
1022938.625
1010123.125
1030844.1875
1029689.375
1017278.4375
1010271.5
1050407.375
1041166.8125
1025225.125
1023191.75
1024643.0625
1020218.25
1032119.4375
1053298.875
996504.0625
1017863.625
1021935.0625
1039546.5
1044299.25
1025780.0
1026459.875
1031662.5
1041043.75
1025392.25
1034115.3125
1016732.125
1030812.3125
1014237.4375
1012893.0
1025991.1875
1015910.4375
1030283.0
1008202.1875
1025708.25
1029542.6875
1005717.125
1002855.0625
1026813.75
1018243.0625
1018039.4375
1033061.5625
1040411.6875
1021057.8125
1032134.3125
1045171.5625
1028844.875
1038783.4375
1026678.9375
1019030.875
1036870.1875
1029194.25
1018422.25
1023068.5625
1010324.25
1026381.0625
1000948.9375
1023865.0625
1015599.375
1032630.6875
1021862.75
1044843.125
1010255.25
1022714.125
1030027.0
1043190.4375
1022688.6875
1011876.25
1021109.0625
1045685.75
1025028.5625
1020898.0625
1048237.75
1042018.9375
1024295.3125
1003218.8125
1023841.8125
1035775.375
1013055.5
1015604.125
981390.625
1029795.0625
1053585.5
1042319.375
1046946.5
1022960.0
1027916.125
1006999.125
999642.4375
1030452.25
1015492.125
1030670.625
1021059.6875
1039525.1875
1049499.125
1023625.1875
1016204.3125
1028109.875
990505.875
1024730.6875
1025652.375
1008024.4375
1023625.25
1020676.9375
1017700.75
1033437.375
1007989.0
1030684.5
1028200.8125
1013027.3125
992233.375
1017083.3125
1016210.3125
1037675.875
998322.0
1003425.6875
999650.6875
1026663.4375
996107.75
1025896.625
1034823.9375
1009619.125
1030746.0625
1038271.625
1026716.25
1034641.4375
998635.4375
1023282.5
1023613.5
1037819.4375
1031017.375
1024117.3125
1025105.875
1041846.125
1012604.25
1016535.5
1020557.75
1008735.5
1004778.625
1032444.1875
1037753.625
1014418.4375
1007720.75
1009028.25
1013740.875
1021057.75
1029725.3125
1021466.0625
1016012.6875
1020743.4375
1018680.25
1022306.5625
1021065.1875
1008787.875
1013129.5
1025159.875
1021121.75
1030491.75
1038917.375
1023014.75
1024460.9375
1039223.625
1015676.5625
1015488.5
1032043.875
1012623.9375
988337.625
1028942.625
1026898.75
998054.8125
1027617.0625
1034236.625
1001705.375
1016840.4375
1008855.3125
1006642.0625
998523.125
1003036.625
1023778.125
1019204.0
1016695.0625
1007872.625
1004165.375
1022030.875
1024048.0625
994869.75
1023747.875
1022416.0625
1031603.125
1027281.5625
1006141.6875
994569.375
1023627.9375
1016126.0625
987327.8125
1035525.5625
994869.3125
1024869.5
1016389.0
1016772.0625
1009725.25
1003763.6875
1029421.875
1006896.125
1008663.8125
992361.9375
994805.6875
1007816.6875
1020935.5625
1016453.375
1014732.5625
1017107.375
1019940.875
1017595.8125
990072.0625
983352.9375
1019771.6875
995015.0
1004835.5625
1005429.125
1021362.125
1021095.0625
1022558.25
1004865.6875
989489.6875
1022042.0
1003145.8125
1016581.3125
1015423.1875
1028916.1875
995600.3125
1017971.6875
1018978.9375
1010420.5625
1030051.6875
1004902.6875
1021906.3125
1017563.9375
1006385.9375
1019166.5625
991083.9375
1001618.0625
1013919.6875
1007285.0625
1013240.75
1029666.125
997937.625
1027300.5625
993536.125
1022171.25
1024129.6875
1020653.25
1018572.6875
1004027.0
1002610.75
990325.25
1003432.0625
1024467.9375
1015745.625
1014218.375
1022562.25
1035105.625
1018394.5625
1002280.5625
1029474.75
1012214.75
1023045.5
1009234.25
1002319.5
1006992.9375
972344.875
1019480.5625
1002121.875
1007644.1875
985302.5625
1006734.125
1020193.1875
1030614.125
1001546.3125
999657.9375
1006936.6875
1006005.1875
1004557.75
996753.125
1000669.4375
1011169.0625
1019943.3125
1024046.75
988595.375
996504.5625
1035355.1875
1024502.125
996599.625
1017935.0625
1032518.8125
998295.4375
998746.875
1005005.4375
1019822.5
997919.8125
997088.125
1004147.4375
997722.1875
990375.8125
1023147.6875
1011309.1875
984533.6875
1015558.5
1000055.4375
1017289.1875
999418.9375
997835.375
1019366.5
1004862.6875
1009617.8125
1005880.0
1001700.3125
1023771.9375
1028288.0
987687.5
997989.875
1011010.0
1008674.0
999051.75
1008785.125
1009565.4375
997450.375
1024194.25
1023104.25
1011834.5625
1012199.0
999851.9375
1020145.375
988508.5625
997968.1875
1006017.25
1007980.8125
978659.9375
1009437.375
994125.1875
1001454.5
1015671.5
1001728.3125
1004837.1875
1012951.6875
997006.375
1007347.5
1003711.125
1000167.0
1002867.0
1005523.125
1014210.4375
1007712.8125
992444.1875
1003393.75
1016017.8125
993348.0
1004815.25
1006053.5
1025935.25
1033330.5625
997609.6875
1005104.0
1006144.4375
993157.125
1009883.9375
1007597.625
1016723.0625
1013758.625
990048.875
979571.3125
1010771.1875
1014041.125
1006094.3125
997017.875
1005901.0
1003935.9375
1012232.25
970485.6875
992055.0
982260.6875
1005029.25
1015382.5
1006411.25
983898.5
1008983.4375
1006869.25
979212.0625
1011650.8125
986157.5
990833.875
999884.625
999607.0
997208.0625
994284.5625
1003687.875
1018547.1875
999398.625
989338.5625
986419.375
990670.875
1001063.5
1005133.0625
996062.0
1008504.1875
1014060.1875
1003470.8125
999276.25
994341.25
987126.9375
992062.5625
1020228.1875
994362.75
993663.1875
1015174.5625
1011694.6875
983258.875
1002757.875
977876.25
1010400.75
988480.4375
993387.6875
1002787.125
987689.5
1003439.6875
1008452.4375
1001304.6875
1002255.5625
989025.125
1011389.4375
1004305.25
1003136.4375
983401.8125
1005486.6875
1007638.6875
982841.3125
981221.875
1000607.75
988954.6875
1001692.3125
1014775.6875
991819.625
978726.1875
992445.9375
989398.8125
975081.75
989193.75
999318.6875
1007973.1875
1008906.8125
998046.6875
1004834.25
991470.5
995271.3125
990036.4375
996084.125
992762.6875
1003601.625
995549.75
998803.6875
998371.0625
986816.9375
1006198.625
1003548.0625
1006956.3125
1008398.875
997432.0625
988067.5
999564.125
972245.875
1003465.8125
1009529.9375
1014747.4375
1018802.75
1000825.5
995125.1875
961921.0625
995588.5625
1033853.5
990451.8125
1005356.0
1000533.0625
992215.875
994306.1875
1027475.6875
988596.25
989269.4375
995200.3125
990444.6875
992524.375
1001365.9375
987824.375
999385.0
981367.6875
971470.625
1006134.75
998953.0
1014560.0
975973.25
991125.125
992804.5
997029.4375
991447.3125
972203.75
1005960.5
990074.4375
976760.1875
980526.4375
987130.875
996044.8125
980371.375
1010937.6875
979126.0625
993484.6875
1016301.125
998018.875
1009616.8125
978974.25
1001862.625
994603.1875
986334.4375
998501.5625
984241.0625
993676.75
977407.5625
995846.125
994999.375
996215.4375
981183.375
997467.0625
994493.9375
993433.875
962909.5
992124.375
980953.8125
982047.375
1004789.25
971257.9375
1002563.0625
984512.9375
1010561.4375
996321.625
978220.0625
995434.625
978320.875
983470.0
990675.0625
1013617.6875
998333.8125
1003688.4375
997588.3125
992478.5
984513.4375
984726.6875
988794.375
1008720.6875
981237.25
1001306.3125
993929.125
1003904.4375
990606.4375
979361.125
985165.4375
985049.25
997828.75
970170.875
993435.875
981307.25
990642.5
999787.5
995022.6875
990008.5625
982361.6875
994193.1875
986013.4375
989338.625
989163.5
974678.6875
987364.0
982057.875
983289.5
983408.125
967316.0625
999521.5
981492.5
990961.0625
990625.3125
1013569.5
993418.75
990000.0
987074.125
989169.6875
982691.0
983489.0
973800.5625
983965.1875
988031.9375
977812.75
987193.125
981459.75
984644.25
987522.1875
998337.0625
1012546.875
963655.5625
986940.6875
988685.25
1000205.625
981564.25
994771.3125
983839.9375
970955.25
981679.625
978781.4375
976733.6875
988029.375
972226.0625
994382.75
977732.875
1002698.25
993026.625
987872.75
980082.875
954378.4375
990137.0
984968.75
970682.6875
985232.1875
997206.875
986311.5625
998147.8125
981435.9375
975518.5
969754.0
981674.6875
992296.375
965513.75
976160.1875
961057.25
975214.875
977954.9375
974090.375
983600.5
985058.0625
957459.6875
977878.125
975512.3125
980243.8125
977437.1875
989233.9375
995662.8125
986061.1875
1000744.1875
975164.75
970591.9375
974828.875
980836.3125
981304.125
978780.4375
974194.375
966026.3125
985863.875
977259.375
991638.8125
970884.3125
979668.3125
984177.0
972032.5625
972597.25
982743.125
968038.625
977045.0625
988836.125
975148.5625
988103.8125
962200.5625
978188.75
985441.125
993746.9375
973516.8125
974930.875
974348.75
985570.0625
991009.125
987601.3125
972351.75
979500.5625
996378.0625
987635.0625
987830.6875
968814.3125
985390.3125
976831.625
971016.1875
970475.8125
976965.375
991801.5
981197.5
982511.0625
965193.6875
969407.4375
978943.5
987220.8125
979614.6875
970946.375
969975.4375
969020.9375
964856.25
979304.0
994471.8125
981914.875
983707.8125
984308.25
990268.5
968927.1875
963308.6875
983992.6875
979879.5
988633.625
983311.9375
981738.1875
990759.25
952920.6875
962435.25
985303.125
974603.1875
969591.0
966265.25
985191.0625
973309.5625
973480.25
976280.375
972275.9375
968770.0625
975470.5625
960589.5625
949142.0
985565.25
963348.1875
977157.6875
952609.3125
968875.875
984333.75
982671.4375
989279.25
958685.25
973248.9375
979565.8125
978639.25
983161.625
964876.3125
970521.75
984443.125
981601.25
934664.25
971655.875
979913.5625
963284.75
962068.75
948529.25
971514.875
974267.3125
982379.5
983771.8125
977490.3125
967466.125
959679.625
963178.75
967293.625
971673.1875
960183.5
938485.4375
972892.3125
963916.5
952030.75
954136.5
976656.3125
955836.75
956067.5625
981301.6875
964153.5625
979676.4375
967407.8125
977854.875
972469.0
980128.125
986826.875
981573.5625
985387.5625
976458.0625
965096.8125
959374.1875
988459.9375
981812.3125
991425.1875
978821.5
970624.3125
975254.4375
950852.9375
977128.5625
983500.9375
967218.125
966078.5
968150.0625
968643.0
966255.625
970257.6875
966011.375
957999.5
955391.875
963814.625
966659.3125
969088.375
943021.5
965400.5
965774.75
967263.5625
965006.5
986535.375
954890.3125
979331.8125
957054.3125
